cam0:
  cam_overlaps: [1]
  camera_model: pinhole
  distortion_coeffs: [-0.08790284800346969, -0.015706129996807296, 0.01350921026766018, -0.015770521299139067]
  distortion_model: equidistant
  intrinsics: [835.1015563874661, 836.3673269151616, 692.8066646676695, 533.9868190871948]
  resolution: [1280, 960]
  rostopic: /stereo/left/image_raw
cam1:
  T_cn_cnm1:
  - [0.9998945542900599, -0.00030183053794978536, 0.014518581177526387, -0.05908089475073256]
  - [0.0002501703768492673, 0.9999936322623889, 0.0035598945850057262, 0.00038463542030272907]
  - [-0.014519563211908603, -0.003555887090469401, 0.999888262732959, -0.002455323493181681]
  - [0.0, 0.0, 0.0, 1.0]
  cam_overlaps: [0]
  camera_model: pinhole
  distortion_coeffs: [-0.085530617787515, -0.026510202326822593, 0.03478034856857792, -0.027784430035486904]
  distortion_model: equidistant
  intrinsics: [833.6630023046288, 834.9535688973602, 676.5033897769049, 516.4087421538387]
  resolution: [1280, 960]
  rostopic: /stereo/right/image_raw
