image_width: 1280
image_height: 960
camera_name: stereo/right
camera_matrix:
  rows: 3
  cols: 3
  data: [833.6630023046288 ,   0.     , 676.5033897769049,
           0.     , 834.9535688973602,  516.4087421538387,
           0.     ,   0.     ,   1.     ]
distortion_model: equidistant
distortion_coefficients:
  rows: 1
  cols: 4
  data: [-0.085530617787515, -0.026510202326822593, 0.03478034856857792, -0.027784430035486904]
rectification_matrix:
  rows: 3
  cols: 3
  data: [0.9998945542900599, -0.00030183053794978536, 0.014518581177526387,
         0.0002501703768492673, 0.9999936322623889, 0.0035598945850057262,
        -0.014519563211908603, -0.003555887090469401, 0.999888262732959]
projection_matrix:
  rows: 3
  cols: 4
  data: [833.6630023046288 ,   0.     , 676.5033897769049, 0.,
           0.     , 834.9535688973602,  516.4087421538387, 0.,
           0.     ,   0.     ,   1.,     0.]
