image_width: 1280
image_height: 960
camera_name: narrow_stereo/right
camera_matrix:
  rows: 3
  cols: 3
  data: [833.6247 ,   0.     , 645.46647,
           0.     , 829.98537, 498.48897,
           0.     ,   0.     ,   1.     ]
distortion_model: plumb_bob
distortion_coefficients:
  rows: 1
  cols: 5
  data: [-0.358593, 0.101125, 0.002683, 0.003616, 0.000000]
rectification_matrix:
  rows: 3
  cols: 3
  data: [ 0.99992619, -0.00540036, -0.01088364,
          0.00534043,  0.99997046, -0.00552765,
          0.01091317,  0.00546912,  0.99992549]
projection_matrix:
  rows: 3
  cols: 4
  data: [727.05587,   0.     , 682.41444, -39.90555,
           0.     , 727.05587, 528.28542,   0.     ,
           0.     ,   0.     ,   1.     ,   0.     ]
